1.06083798026861,0.0404242082898859
1.18991646049215,0.0326508216160652
1.33470068878157,0.0340519919318968
1.49710167711875,0.0310926075563524
1.67926296170405,0.0325216282007997
1.88358889556395,0.0395015955212728
2.11277638368893,0.0322674118071117
2.36985047957462,0.026447211334812
2.65820431300644,0.0199932945917314
2.98164387609566,0.0131532395093221
3.3444382586995,0.0128223432932727
3.75137599628417,0.0149487733366168
4.2078282739683,0.00940741860187641
4.71981982097904,0.0126580528870474
5.29410843125924,0.0122542054007819
5.93827415982087,0.00740671651816255
6.66081937215039,0.0077588289443886
7.47128096722167,0.0100568856798531
8.38035625535177,0.00900968195301169
9.40004415236574,0.00912411362778703
10.5438035536971,0.00952484634321806
11.8267309788089,0.00502059301707617
13.2657598306706,0.00431019768422188
14.8798839003235,0.00396580224806203
16.6904080665776,0.00502890288220535
18.7212294998364,0.00689148820989391
20.9991530816667,0.00582974298536743
23.5542452033465,0.00469940064753436
26.4202306131927,0.00294106063329732
29.6349375506676,0.00453906883746499
33.2407970426054,0.00286686102564037
37.285402951787,0.0050822546672659
41.8221401699628,0.00582800765168252
46.910889246865,0.0031878011193389
52.6188167556322,0.00215936141708385
59.0212618267054,0.0015214662235232
66.2027305515881,0.00141178641730842
74.258011381639,0.000612044629801724
83.2934262440833,0.0012761214014467
93.4282338887677,0.000584538136051385
104.796203988479,0.000314776048427467
117.547382769431,0.000233858425176489
131.850073476537,0.000152892800145795
147.893057813697,9.66543801089498e-05
165.888087679964,0.000678309494404919
186.072680090105,0.000778070955419665
208.713252169803,0.000335419311530255
234.108637604409,0.000286509068962453
262.594030954984,0.00041315363910135
294.545411902771,0.000277496380058128
330.384507817869,9.65171077771837e-05
370.584360153223,8.80253257961667e-05
415.675568134935,0.000156071458377372
466.253292159606,2.12249450264903e-05
522.985109336764,1.8221693849662e-05
586.619824861975,7.62268223852247e-05
657.997355522228,0.000163767569432461
738.059815786341,0.000281576378959539
827.863952806063,2.34650572463384e-05
1041.58279452618,2.60400997562314e-05
1168.31838152919,8.40772126926782e-05
1310.47464281504,0.000489456553729226
1469.92790373922,0.000212695214263422
1648.78279334714,0.000140716487120521
1849.40002344489,0.000260416937724267
2074.42754771509,0.000219446190467713
2326.83551214818,5.74952414768953e-05
2609.95545810091,0.000128075619110774
2927.52429542468,8.10043784417302e-05
3283.73362606652,3.01370379617609e-06
13024.9740798727,1.12560974630242e-05
14609.8003120135,2.91017047625201e-06
16387.4617982346,6.2178154099485e-06