1.082928341005690021e+00 1.810744012360749992e-03
1.262539242500970049e+00 1.465276322319859987e-03
1.471939812171340067e+00 8.132388722343370391e-04
1.716070865538519952e+00 1.204852488682390090e-03
2.000692685393130166e+00 1.087840209803800058e-03
2.332520935916860161e+00 1.259661076609760013e-03
2.719385119070099943e+00 1.400595813698740037e-03
3.170413312030170072e+00 1.201344758158769946e-03
3.696247544568190158e+00 9.715572280375089692e-04
4.309294898202960411e+00 8.838474747208719838e-04
5.024020251827439942e+00 7.581098846523979693e-04
5.857287581153490130e+00 7.245753507794520151e-04
6.828757864950040002e+00 7.967898385305040429e-04
7.961352986689740341e+00 6.971059546521389712e-04
9.281796577383440550e+00 6.331071380105819614e-04
1.082124456081280073e+01 4.022520586056330116e-04
1.261602027890280020e+01 3.622783726789110094e-04
1.470847154254989952e+01 3.477329217510340175e-04
1.714796983005589937e+01 3.617242636166970019e-04
1.999207520930020010e+01 2.286161515738440060e-04
2.330789447003650139e+01 1.774173343505950067e-04
2.717366451150810036e+01 1.561823287371879871e-04
3.168059834547700149e+01 2.026628438120400084e-04
3.693503727119289692e+01 1.856168952571950030e-04
4.306096000295939774e+01 1.996452030888660133e-04
5.020290795327470335e+01 9.537604267554830595e-05
5.852939569372730233e+01 5.949650222311759996e-05
6.823688706361980394e+01 4.943766881295169754e-05
7.955443074277660287e+01 3.146146631754869854e-05
9.274906466507729874e+01 3.167887292407519756e-05
1.081321167900850071e+02 2.817856175698899953e-05
1.260665508997550006e+02 2.675945839242090002e-05
1.469755307446069992e+02 2.591424160408390003e-05
1.713524046107679908e+02 3.238884558822369760e-05
1.997723458941810009e+02 2.342332705215989963e-05
2.329059243418180074e+02 2.102555528700410136e-05
2.715349281739449907e+02 2.805355052639369891e-05
3.165708104110719887e+02 1.856258212522220153e-05
3.690761946475039963e+02 1.297335011259999964e-05
4.302899477011230260e+02 1.087483688349340062e-05
5.016564107296799762e+02 8.026216196082780748e-06
5.848594785230400248e+02 1.172207546640199984e-05
6.818623310737740439e+02 9.256499690913349437e-06
7.949537548942109879e+02 4.106718039693909617e-06
9.268021470334490459e+02 1.761244800951380056e-06
1.080518476021439938e+03 1.913537157377040177e-06
1.259729685306339888e+03 4.319247962513719765e-06
1.468664271142479947e+03 4.371645910175859803e-06
1.712252054142820043e+03 3.813283118040469903e-06
1.996240498610110080e+03 6.759651706949760035e-06
2.327330324206319801e+03 1.309228646742479902e-06
2.713333609723640166e+03 1.363613269969230068e-06
3.163358119422340224e+03 1.238424788860499923e-06
3.688022201123470040e+03 7.671765465398749601e-07
4.299705326586100455e+03 1.164218872279270008e-06
5.012840185680300237e+03 8.900522325724229626e-07
5.844253226330520192e+03 7.634319434845749577e-07
6.813561675283969635e+03 1.038136979842610010e-06
7.943636407426440201e+03 6.301645530718620352e-07
9.261141585066940024e+03 6.227687932632350493e-07
1.079716380000370009e+04 8.163771211892179960e-07
1.258794556300559998e+04 3.112168774108009778e-07
